1 3 0
2 3 0
2 3 0

5 2 0
0 3 4
2 3 4
2 3 4
3 3 8

15 3 0
2 3 0
2 3 0

15 2 1
0 3 5
2 3 5
2 3 5

10 2 3
0 3 7
2 3 7
2 3 7

15 3 4
2 3 3
2 3 2

15 4 2
2 4 0
0 4 4
2 3 4
2 3 3
2 3 0


15 2 0
0 3 0
2 3 0
2 3 0

15 3 4
0 3 3
2 3 4
0 3 3
2 3 4
0 3 3
2 3 4
0 3 3
2 3 4
0 3 3

10 0 0
10 3 0
1 3 3
2 1 0
0 3 5
2 3 4
2 3 2
2 3 0
7 0 0

12 2 0
0 3 4
2 3 4
2 3 4
3 3 8

10 3 2
0 3 3
0 3 4
2 3 1
0 3 2
0 3 3
2 3 0
0 3 1
0 3 2

15 4 4
2 4 2
0 4 6


15 0 0
10 3 0
1 3 3
2 1 0
0 3 5
6 3 0
7 0 0

10 1 0
4 3 1
2 3 0
2 1 5
0 3 0
2 3 1
2 1 0

10 4 2
2 4 0
0 4 4
2 4 3
2 4 2
0 4 5

10 5 0
